2 0 0 100 152 112 20 3 100 3 false true false 5 3
7 0 29 100 90 117 20 1 100 3 false 
4 0 43 100 110 117 20 1 100 3 false 
5 1 0 100 160 117 0 3 100 3 false 
4 1 62 100 110 117 20 1 100 3 false 
3 1 83 100 105 159 20 1 100 3 false true false 5 3
4 2 14 100 110 117 20 1 100 3 false 
4 2 31 100 110 117 20 1 100 3 false 
6 2 83 100 110 167 -20 1 100 3 false 
3 3 24 100 105 159 20 1 100 3 false true false 5 3
7 3 64 100 90 117 20 1 100 3 false 
4 4 39 100 110 117 20 1 100 3 false 
1 4 49 100 105 112 20 1 100 3 false true false 5 3
4 5 49 100 110 117 20 1 100 3 false 
1 7 13 100 105 112 20 1 100 3 false true false 5 3
6 7 68 100 110 167 20 1 100 3 false 
1 8 11 100 105 112 20 1 100 3 false true false 5 3
1 8 21 100 105 112 20 1 100 3 false true false 5 3
1 9 1 100 105 112 20 1 100 3 false true false 5 3
4 9 11 100 110 117 -20 1 100 3 false 
4 9 1 100 110 117 20 1 100 3 false 
1 10 15 100 105 112 20 1 100 3 false true false 5 3
4 10 25 100 110 117 -40 1 100 3 false 
3 10 26 100 105 159 20 1 100 3 false true false 5 3
3 10 66 100 105 159 20 1 100 3 false true false 5 3
7 11 15 100 90 117 -20 1 100 3 false 
2 11 73 100 152 112 20 3 100 3 false true false 5 3
6 12 73 100 110 167 20 1 100 3 false 
2 12 94 100 152 112 20 3 100 3 false true false 5 3
4 13 17 100 110 117 -40 1 100 3 false 
2 13 32 100 152 112 20 3 100 3 false true false 5 3
4 13 65 100 110 117 20 1 100 3 false 
3 14 17 100 105 159 20 1 100 3 false true false 5 3
4 14 27 100 110 117 20 1 100 3 false 
4 14 32 100 110 117 -20 1 100 3 false 
1 15 52 100 105 112 20 1 100 3 false true false 5 3
6 15 78 100 110 167 20 1 100 3 false 
3 15 85 100 105 159 20 1 100 3 false true false 5 3
6 15 86 100 110 167 20 1 100 3 false 
5 18 8 100 160 117 20 3 100 3 false 
5 19 86 100 160 117 20 3 100 3 false 
1 18 8 100 105 112 20 1 100 3 false true false 5 3
4 18 9 100 110 117 -60 1 100 3 false 
2 18 40 100 152 112 20 3 100 3 false true false 5 3
1 18 74 100 105 112 20 1 100 3 false true false 5 3
4 18 75 100 110 117 -20 1 100 3 false 
1 19 87 100 105 112 20 1 100 3 false true false 5 3
4 21 85 100 110 117 -40 1 100 3 false 
3 21 86 100 105 159 20 1 100 3 false true false 5 3
3 22 44 100 105 159 20 1 100 3 false true false 5 3
4 22 86 100 110 117 20 1 100 3 false 
6 23 31 100 110 167 20 1 100 3 false 
2 23 82 100 152 112 20 3 100 3 false true false 5 3
1 24 48 100 105 112 20 1 100 3 false true false 5 3
4 24 99 100 110 117 20 1 100 3 false 
3 25 27 100 105 159 20 1 100 3 false true false 5 3
7 25 48 100 90 117 -40 1 100 3 false 
1 25 59 100 105 112 20 1 100 3 false true false 5 3
4 25 60 100 110 117 0 1 100 3 false 
2 25 93 100 152 112 20 3 100 3 false true false 5 3
3 26 56 100 105 159 20 1 100 3 false true false 5 3
4 27 97 100 110 117 20 1 100 3 false 
4 28 62 100 110 117 20 1 100 3 false 
1 29 15 100 105 112 20 1 100 3 false true false 5 3
4 29 37 100 110 117 0 1 100 3 false 
6 30 20 100 110 167 -60 1 100 3 false 
2 30 25 100 152 112 20 3 100 3 false true false 5 3
4 30 32 100 110 117 20 1 100 3 false 
2 30 36 100 152 112 20 3 100 3 false true false 5 3
4 29 37 100 110 117 0 1 100 3 false 
1 31 20 100 105 112 20 1 100 3 false true false 5 3
4 31 38 100 110 117 20 1 100 3 false 
1 31 74 100 105 112 20 1 100 3 false true false 5 3
3 32 21 100 105 159 20 1 100 3 false true false 5 3
2 32 78 100 152 112 20 3 100 3 false true false 5 3
2 33 22 100 152 112 20 3 100 3 false true false 5 3
1 34 4 100 105 112 20 1 100 3 false true false 5 3
1 34 92 100 105 112 20 1 100 3 false true false 5 3
1 36 33 100 105 112 20 1 100 3 false true false 5 3
7 37 25 100 90 117 20 1 100 3 false 
5 36 33 100 160 117 20 3 100 3 false 
5 37 51 100 160 117 20 3 100 3 false 
7 39 98 100 90 117 20 1 100 3 false 
1 40 4 100 105 112 20 1 100 3 false true false 5 3
6 40 5 100 110 167 0 1 100 3 false 
3 40 42 100 105 159 20 1 100 3 false true false 5 3
4 40 58 100 110 117 20 1 100 3 false 
4 41 11 100 110 117 20 1 100 3 false 
4 41 42 100 110 117 -20 1 100 3 false 
6 41 92 100 110 167 -60 1 100 3 false 
4 42 4 100 110 117 20 1 100 3 false 
1 42 6 100 105 112 20 1 100 3 false true false 5 3
1 42 92 100 105 112 20 1 100 3 false true false 5 3
4 42 93 100 110 117 0 1 100 3 false 
1 43 10 100 105 112 20 1 100 3 false true false 5 3
2 43 71 100 152 112 20 3 100 3 false true false 5 3
3 43 92 100 105 159 20 1 100 3 false true false 5 3
7 44 22 100 90 117 -40 1 100 3 false 
1 44 23 100 105 112 20 1 100 3 false true false 5 3
2 44 48 100 152 112 20 3 100 3 false true false 5 3
1 44 65 100 105 112 20 1 100 3 false true false 5 3
6 43 92 100 110 167 20 1 100 3 false 
4 45 75 100 110 117 20 1 100 3 false 
4 46 62 100 110 117 20 1 100 3 false 
1 46 69 100 105 112 20 1 100 3 false true false 5 3
1 47 47 100 105 112 20 1 100 3 false true false 5 3
4 48 13 100 110 117 20 1 100 3 false 
1 48 36 100 105 112 20 1 100 3 false true false 5 3
2 49 68 100 152 112 20 3 100 3 false true false 5 3
1 50 62 100 105 112 20 1 100 3 false true false 5 3
4 51 62 100 110 117 -40 1 100 3 false 
5 51 90 100 160 117 -40 3 100 3 false 
1 51 91 100 105 112 20 1 100 3 false true false 5 3
1 53 78 100 105 112 20 1 100 3 false true false 5 3
1 54 31 100 105 112 20 1 100 3 false true false 5 3
1 55 13 100 105 112 20 1 100 3 false true false 5 3
4 55 73 100 110 117 20 1 100 3 false 
1 56 20 100 105 112 20 1 100 3 false true false 5 3
4 56 42 100 110 117 20 1 100 3 false 
1 55 73 100 105 112 20 1 100 3 false true false 5 3
4 56 76 100 110 117 -20 1 100 3 false 
1 56 77 100 105 112 20 1 100 3 false true false 5 3
4 58 37 100 110 117 -60 1 100 3 false 
3 58 38 100 105 159 20 1 100 3 false true false 5 3
2 58 58 100 152 112 20 3 100 3 false true false 5 3
5 59 0 100 160 117 20 3 100 3 false 
4 59 25 100 110 117 20 1 100 3 false 
1 59 35 100 105 112 20 1 100 3 false true false 5 3
4 59 38 100 110 117 20 1 100 3 false 
2 59 73 100 152 112 20 3 100 3 false true false 5 3
3 59 77 100 105 159 20 1 100 3 false true false 5 3
5 63 97 100 160 117 20 3 100 3 false 
6 61 52 100 110 167 -40 1 100 3 false 
2 62 15 100 152 112 20 3 100 3 false true false 5 3
1 62 19 100 105 112 20 1 100 3 false true false 5 3
1 62 52 100 105 112 20 1 100 3 false true false 5 3
2 62 82 100 152 112 20 3 100 3 false true false 5 3
4 63 13 100 110 117 20 1 100 3 false 
6 63 82 100 110 167 20 1 100 3 false 
2 63 97 100 152 112 20 3 100 3 false true false 5 3
2 64 53 100 152 112 20 3 100 3 false true false 5 3
7 66 12 100 90 117 20 1 100 3 false 
4 67 20 100 110 117 20 1 100 3 false 
1 68 44 100 105 112 20 1 100 3 false true false 5 3
3 68 96 100 105 159 20 1 100 3 false true false 5 3
1 69 64 100 105 112 20 1 100 3 false true false 5 3
4 69 78 100 110 117 20 1 100 3 false 
5 68 96 100 160 117 20 3 100 3 false 
4 72 15 100 110 117 20 1 100 3 false 
3 72 33 100 105 159 20 1 100 3 false true false 5 3
7 72 46 100 90 117 20 1 100 3 false 
5 72 89 100 160 117 20 3 100 3 false 
6 74 7 100 110 167 20 1 100 3 false 
1 74 33 100 105 112 20 1 100 3 false true false 5 3
7 75 14 100 90 117 20 1 100 3 false 
1 75 58 100 105 112 20 1 100 3 false true false 5 3
1 75 66 100 105 112 20 1 100 3 false true false 5 3
4 75 67 100 110 117 -40 1 100 3 false 
4 75 95 100 110 117 20 1 100 3 false 
1 77 21 100 105 112 20 1 100 3 false true false 5 3
3 77 87 100 105 159 20 1 100 3 false true false 5 3
4 77 88 100 110 117 -60 1 100 3 false 
6 78 28 100 110 167 20 1 100 3 false 
4 78 74 100 110 117 20 1 100 3 false 
1 79 68 100 105 112 20 1 100 3 false true false 5 3
1 82 70 100 105 112 20 1 100 3 false true false 5 3
1 83 3 100 105 112 20 1 100 3 false true false 5 3
5 83 57 100 160 117 20 3 100 3 false 
5 82 70 100 160 117 20 3 100 3 false 
4 84 97 100 110 117 -40 1 100 3 false 
3 85 56 100 105 159 20 1 100 3 false true false 5 3
2 85 82 100 152 112 20 3 100 3 false true false 5 3
1 85 97 100 105 112 20 1 100 3 false true false 5 3
4 86 20 100 110 117 20 1 100 3 false 
4 86 80 100 110 117 20 1 100 3 false 
2 86 89 100 152 112 20 3 100 3 false true false 5 3
4 86 97 100 110 117 -20 1 100 3 false 
6 88 29 100 110 167 20 1 100 3 false 
5 89 25 100 160 117 20 3 100 3 false 
4 89 33 100 110 117 20 1 100 3 false 
1 89 69 100 105 112 20 1 100 3 false true false 5 3
4 89 91 100 110 117 20 1 100 3 false 
6 90 69 100 110 167 -20 1 100 3 false 
1 91 10 100 105 112 20 1 100 3 false true false 5 3
4 91 11 100 110 117 -20 1 100 3 false 
4 91 16 100 110 117 20 1 100 3 false 
2 93 46 100 152 112 20 3 100 3 false true false 5 3
5 96 84 100 160 117 20 3 100 3 false 
1 93 92 100 105 112 20 1 100 3 false true false 5 3
6 94 46 100 110 167 -20 1 100 3 false 
1 95 0 100 105 112 20 1 100 3 false true false 5 3
1 95 85 100 105 112 20 1 100 3 false true false 5 3
1 96 94 100 105 112 20 1 100 3 false true false 5 3
3 96 95 100 105 159 20 1 100 3 false true false 5 3
4 96 97 100 110 117 -20 1 100 3 false 
2 97 3 100 152 112 20 3 100 3 false true false 5 3
4 98 76 100 110 117 20 1 100 3 false 
2 99 44 100 152 112 20 3 100 3 false true false 5 3
3 99 60 100 105 159 20 1 100 3 false true false 5 3
4 99 69 100 110 117 20 1 100 3 false 
